0 0.8014 0.574494 0.0227472 0.0672065 
1 0.747157 0.123077 0.118985 0.0226721 
1 0.363517 0.736842 0.023622 0.118219 
1 0.338583 0.737247 0.0227472 0.115789 
0 0.877953 0.669231 0.0183727 0.0331984 
0 0.82196 0.674494 0.0183727 0.0307692 
1 0.74322 0.280567 0.104112 0.0218623 
1 0.456693 0.736842 0.0209974 0.11498 
1 0.150481 0.706883 0.108486 0.0226721 
0 0.856518 0.668826 0.0174978 0.0388664 
1 0.313648 0.735628 0.0218723 0.120648 
1 0.505687 0.740081 0.0209974 0.116599 
1 0.753718 0.152632 0.0936133 0.0202429 
0 0.954506 0.594332 0.0174978 0.0323887 
1 0.434383 0.737247 0.0201225 0.115789 
1 0.261592 0.733198 0.0227472 0.11417 
1 0.667979 0.742105 0.0201225 0.115789 
1 0.620735 0.740081 0.0218723 0.111741 
1 0.181977 0.531984 0.0944882 0.0194332 
1 0.528871 0.740891 0.0218723 0.116599 
1 0.553368 0.740486 0.0218723 0.11417 
1 0.177603 0.5583 0.0839895 0.0202429 
1 0.387139 0.736842 0.023622 0.111741 
0 0.895888 0.673684 0.0192476 0.0388664 
1 0.287839 0.733603 0.0227472 0.121457 
1 0.174541 0.733603 0.102362 0.0210526 
1 0.410761 0.737247 0.0218723 0.119028 
1 0.179353 0.634008 0.103237 0.0210526 
1 0.644357 0.740081 0.023622 0.110121 
1 0.17804 0.508502 0.105862 0.0210526 
1 0.748469 0.181377 0.0971129 0.0210526 
1 0.562117 0.408502 0.102362 0.0251012 
1 0.728346 0.0975709 0.156605 0.0234818 
1 0.597113 0.741296 0.023622 0.115789 
1 0.188976 0.459109 0.124234 0.0210526 
1 0.481627 0.738057 0.0253718 0.11417 
1 0.178478 0.610121 0.120735 0.0218623 
1 0.195101 0.482996 0.108486 0.0202429 
1 0.18154 0.435628 0.112861 0.0226721 
1 0.20385 0.409312 0.0909886 0.0202429 
1 0.178478 0.58502 0.115486 0.0218623 
1 0.175853 0.776923 0.0822397 0.0202429 
